(kicad_pcb (version 20171130) (host pcbnew "(5.1.8-0-10_14)")

  (general
    (thickness 1.6)
    (drawings 13)
    (tracks 29)
    (zones 0)
    (modules 18)
    (nets 16)
  )

  (page A4)
  (layers
    (0 F.Cu signal)
    (31 B.Cu signal)
    (32 B.Adhes user)
    (33 F.Adhes user)
    (34 B.Paste user)
    (35 F.Paste user)
    (36 B.SilkS user)
    (37 F.SilkS user)
    (38 B.Mask user)
    (39 F.Mask user)
    (40 Dwgs.User user)
    (41 Cmts.User user)
    (42 Eco1.User user)
    (43 Eco2.User user)
    (44 Edge.Cuts user)
    (45 Margin user)
    (46 B.CrtYd user)
    (47 F.CrtYd user)
    (48 B.Fab user)
    (49 F.Fab user)
  )

  (setup
    (last_trace_width 0.25)
    (trace_clearance 0.2)
    (zone_clearance 0.508)
    (zone_45_only no)
    (trace_min 0.2)
    (via_size 0.8)
    (via_drill 0.4)
    (via_min_size 0.4)
    (via_min_drill 0.3)
    (uvia_size 0.3)
    (uvia_drill 0.1)
    (uvias_allowed no)
    (uvia_min_size 0.2)
    (uvia_min_drill 0.1)
    (edge_width 0.1)
    (segment_width 0.2)
    (pcb_text_width 0.3)
    (pcb_text_size 1.5 1.5)
    (mod_edge_width 0.15)
    (mod_text_size 1 1)
    (mod_text_width 0.15)
    (pad_size 1.524 1.524)
    (pad_drill 0.762)
    (pad_to_mask_clearance 0)
    (aux_axis_origin 0 0)
    (visible_elements FFFFFF7F)
    (pcbplotparams
      (layerselection 0x010fc_ffffffff)
      (usegerberextensions false)
      (usegerberattributes true)
      (usegerberadvancedattributes true)
      (creategerberjobfile true)
      (excludeedgelayer true)
      (linewidth 0.100000)
      (plotframeref false)
      (viasonmask false)
      (mode 1)
      (useauxorigin false)
      (hpglpennumber 1)
      (hpglpenspeed 20)
      (hpglpendiameter 15.000000)
      (psnegative false)
      (psa4output false)
      (plotreference true)
      (plotvalue true)
      (plotinvisibletext false)
      (padsonsilk false)
      (subtractmaskfromsilk false)
      (outputformat 1)
      (mirror false)
      (drillshape 1)
      (scaleselection 1)
      (outputdirectory ""))
  )

  (net 0 "")
  (net 1 GND)
  (net 2 /Interface/in1)
  (net 3 "Net-(J1-PadTN)")
  (net 4 "Net-(J2-PadTN)")
  (net 5 /Interface/in2)
  (net 6 "Net-(J3-PadTN)")
  (net 7 /Interface/cv1)
  (net 8 /Interface/cv2)
  (net 9 "Net-(J4-PadTN)")
  (net 10 "Net-(J5-PadTN)")
  (net 11 "Net-(J5-PadT)")
  (net 12 "Net-(J6-PadT)")
  (net 13 "Net-(J6-PadTN)")
  (net 14 /Interface/out2)
  (net 15 /Interface/out1)

  (net_class Default "これはデフォルトのネット クラスです。"
    (clearance 0.2)
    (trace_width 0.25)
    (via_dia 0.8)
    (via_drill 0.4)
    (uvia_dia 0.3)
    (uvia_drill 0.1)
    (add_net /Interface/cv1)
    (add_net /Interface/cv2)
    (add_net /Interface/in1)
    (add_net /Interface/in2)
    (add_net /Interface/out1)
    (add_net /Interface/out2)
    (add_net GND)
    (add_net "Net-(J1-PadTN)")
    (add_net "Net-(J2-PadTN)")
    (add_net "Net-(J3-PadTN)")
    (add_net "Net-(J4-PadTN)")
    (add_net "Net-(J5-PadT)")
    (add_net "Net-(J5-PadTN)")
    (add_net "Net-(J6-PadT)")
    (add_net "Net-(J6-PadTN)")
  )

  (module Attenuverter:MJ-355_3.5mm_mono_jack (layer F.Cu) (tedit 6316CD6A) (tstamp 62F72C7B)
    (at 41.91 71.12 90)
    (path /62D9D6AD/62DA94F3)
    (fp_text reference J4 (at 0 5.715 90) (layer F.SilkS)
      (effects (font (size 1 1) (thickness 0.15)))
    )
    (fp_text value cv2 (at 0 -6.985 90) (layer F.Fab)
      (effects (font (size 1 1) (thickness 0.15)))
    )
    (fp_line (start 4.1 5.03) (end -5.11 5.03) (layer F.CrtYd) (width 0.05))
    (fp_line (start 4.1 5.03) (end 4.1 -5.72) (layer F.CrtYd) (width 0.05))
    (fp_line (start -5.11 5.03) (end -5.1 -5.72) (layer F.CrtYd) (width 0.05))
    (fp_line (start 3.99 -5.6) (end -0.16 -5.6) (layer F.SilkS) (width 0.12))
    (fp_line (start 4 4.91) (end -5 4.91) (layer F.Fab) (width 0.1))
    (fp_line (start -0.86 -5.62) (end -5.01 -5.62) (layer F.SilkS) (width 0.12))
    (fp_line (start -1.04 1.01) (end 1.04 -1.07) (layer Dwgs.User) (width 0.12))
    (fp_line (start -5.01 -5.62) (end -5.01 4.88) (layer F.SilkS) (width 0.12))
    (fp_line (start 3.99 -5.57) (end -5.01 -5.57) (layer F.Fab) (width 0.1))
    (fp_line (start -5.01 4.83) (end -5.01 -5.57) (layer F.Fab) (width 0.1))
    (fp_line (start -1 4.93) (end -5 4.93) (layer F.SilkS) (width 0.12))
    (fp_line (start -1.39 0.395) (end 0.43 -1.42) (layer Dwgs.User) (width 0.12))
    (fp_circle (center 0.03 0) (end 1.83 0) (layer F.SilkS) (width 0.12))
    (fp_line (start -0.55 1.35) (end 1.39 -0.59) (layer Dwgs.User) (width 0.12))
    (fp_line (start 3.99 4.83) (end 3.99 -5.57) (layer F.Fab) (width 0.1))
    (fp_line (start 0.12 1.48) (end 1.51 0.09) (layer Dwgs.User) (width 0.12))
    (fp_line (start 4.1 -5.72) (end -5.1 -5.72) (layer F.CrtYd) (width 0.05))
    (fp_line (start 4 4.93) (end 0 4.93) (layer F.SilkS) (width 0.12))
    (fp_circle (center 0.03 0) (end 1.83 0) (layer F.Fab) (width 0.1))
    (fp_line (start 3.99 -5.6) (end 3.99 4.9) (layer F.SilkS) (width 0.12))
    (fp_circle (center 0.03 0) (end 1.53 0) (layer Dwgs.User) (width 0.12))
    (fp_line (start -1.38 -0.46) (end -0.43 -1.41) (layer Dwgs.User) (width 0.12))
    (fp_text user KEEPOUT (at 0.03 0 90) (layer Cmts.User)
      (effects (font (size 0.4 0.4) (thickness 0.051)))
    )
    (pad TN thru_hole oval (at -3.8 1.38) (size 3.25 2) (drill oval 2.65 0.9) (layers *.Cu *.Mask)
      (net 9 "Net-(J4-PadTN)"))
    (pad T thru_hole oval (at 0.89 -4.4 270) (size 3.25 2) (drill oval 2.65 0.9) (layers *.Cu *.Mask)
      (net 8 /Interface/cv2))
    (pad S thru_hole oval (at 0.93 3.7 270) (size 3.25 2) (drill oval 2.65 0.9) (layers *.Cu *.Mask)
      (net 1 GND))
  )

  (module Attenuverter:MJ-355_3.5mm_mono_jack (layer F.Cu) (tedit 6316CD6A) (tstamp 62F72D80)
    (at 41.91 104.14 270)
    (path /62D9D6AD/62DA4020)
    (fp_text reference J5 (at 0 5.715 90) (layer F.SilkS)
      (effects (font (size 1 1) (thickness 0.15)))
    )
    (fp_text value out2 (at 0 -6.985 90) (layer F.Fab)
      (effects (font (size 1 1) (thickness 0.15)))
    )
    (fp_line (start -1.38 -0.46) (end -0.43 -1.41) (layer Dwgs.User) (width 0.12))
    (fp_circle (center 0.03 0) (end 1.53 0) (layer Dwgs.User) (width 0.12))
    (fp_line (start 3.99 -5.6) (end 3.99 4.9) (layer F.SilkS) (width 0.12))
    (fp_circle (center 0.03 0) (end 1.83 0) (layer F.Fab) (width 0.1))
    (fp_line (start 4 4.93) (end 0 4.93) (layer F.SilkS) (width 0.12))
    (fp_line (start 4.1 -5.72) (end -5.1 -5.72) (layer F.CrtYd) (width 0.05))
    (fp_line (start 0.12 1.48) (end 1.51 0.09) (layer Dwgs.User) (width 0.12))
    (fp_line (start 3.99 4.83) (end 3.99 -5.57) (layer F.Fab) (width 0.1))
    (fp_line (start -0.55 1.35) (end 1.39 -0.59) (layer Dwgs.User) (width 0.12))
    (fp_circle (center 0.03 0) (end 1.83 0) (layer F.SilkS) (width 0.12))
    (fp_line (start -1.39 0.395) (end 0.43 -1.42) (layer Dwgs.User) (width 0.12))
    (fp_line (start -1 4.93) (end -5 4.93) (layer F.SilkS) (width 0.12))
    (fp_line (start -5.01 4.83) (end -5.01 -5.57) (layer F.Fab) (width 0.1))
    (fp_line (start 3.99 -5.57) (end -5.01 -5.57) (layer F.Fab) (width 0.1))
    (fp_line (start -5.01 -5.62) (end -5.01 4.88) (layer F.SilkS) (width 0.12))
    (fp_line (start -1.04 1.01) (end 1.04 -1.07) (layer Dwgs.User) (width 0.12))
    (fp_line (start -0.86 -5.62) (end -5.01 -5.62) (layer F.SilkS) (width 0.12))
    (fp_line (start 4 4.91) (end -5 4.91) (layer F.Fab) (width 0.1))
    (fp_line (start 3.99 -5.6) (end -0.16 -5.6) (layer F.SilkS) (width 0.12))
    (fp_line (start -5.11 5.03) (end -5.1 -5.72) (layer F.CrtYd) (width 0.05))
    (fp_line (start 4.1 5.03) (end 4.1 -5.72) (layer F.CrtYd) (width 0.05))
    (fp_line (start 4.1 5.03) (end -5.11 5.03) (layer F.CrtYd) (width 0.05))
    (fp_text user KEEPOUT (at 0.03 0 90) (layer Cmts.User)
      (effects (font (size 0.4 0.4) (thickness 0.051)))
    )
    (pad TN thru_hole oval (at -3.8 1.38 180) (size 3.25 2) (drill oval 2.65 0.9) (layers *.Cu *.Mask)
      (net 10 "Net-(J5-PadTN)"))
    (pad T thru_hole oval (at 0.89 -4.4 90) (size 3.25 2) (drill oval 2.65 0.9) (layers *.Cu *.Mask)
      (net 11 "Net-(J5-PadT)"))
    (pad S thru_hole oval (at 0.93 3.7 90) (size 3.25 2) (drill oval 2.65 0.9) (layers *.Cu *.Mask)
      (net 1 GND))
  )

  (module Attenuverter:MJ-355_3.5mm_mono_jack (layer F.Cu) (tedit 6316CD6A) (tstamp 62F72CD2)
    (at 41.91 91.44 270)
    (path /62D9D6AD/62DA0B42)
    (fp_text reference J2 (at 0 5.715 90) (layer F.SilkS)
      (effects (font (size 1 1) (thickness 0.15)))
    )
    (fp_text value in2 (at 0 -6.985 90) (layer F.Fab)
      (effects (font (size 1 1) (thickness 0.15)))
    )
    (fp_line (start -1.38 -0.46) (end -0.43 -1.41) (layer Dwgs.User) (width 0.12))
    (fp_circle (center 0.03 0) (end 1.53 0) (layer Dwgs.User) (width 0.12))
    (fp_line (start 3.99 -5.6) (end 3.99 4.9) (layer F.SilkS) (width 0.12))
    (fp_circle (center 0.03 0) (end 1.83 0) (layer F.Fab) (width 0.1))
    (fp_line (start 4 4.93) (end 0 4.93) (layer F.SilkS) (width 0.12))
    (fp_line (start 4.1 -5.72) (end -5.1 -5.72) (layer F.CrtYd) (width 0.05))
    (fp_line (start 0.12 1.48) (end 1.51 0.09) (layer Dwgs.User) (width 0.12))
    (fp_line (start 3.99 4.83) (end 3.99 -5.57) (layer F.Fab) (width 0.1))
    (fp_line (start -0.55 1.35) (end 1.39 -0.59) (layer Dwgs.User) (width 0.12))
    (fp_circle (center 0.03 0) (end 1.83 0) (layer F.SilkS) (width 0.12))
    (fp_line (start -1.39 0.395) (end 0.43 -1.42) (layer Dwgs.User) (width 0.12))
    (fp_line (start -1 4.93) (end -5 4.93) (layer F.SilkS) (width 0.12))
    (fp_line (start -5.01 4.83) (end -5.01 -5.57) (layer F.Fab) (width 0.1))
    (fp_line (start 3.99 -5.57) (end -5.01 -5.57) (layer F.Fab) (width 0.1))
    (fp_line (start -5.01 -5.62) (end -5.01 4.88) (layer F.SilkS) (width 0.12))
    (fp_line (start -1.04 1.01) (end 1.04 -1.07) (layer Dwgs.User) (width 0.12))
    (fp_line (start -0.86 -5.62) (end -5.01 -5.62) (layer F.SilkS) (width 0.12))
    (fp_line (start 4 4.91) (end -5 4.91) (layer F.Fab) (width 0.1))
    (fp_line (start 3.99 -5.6) (end -0.16 -5.6) (layer F.SilkS) (width 0.12))
    (fp_line (start -5.11 5.03) (end -5.1 -5.72) (layer F.CrtYd) (width 0.05))
    (fp_line (start 4.1 5.03) (end 4.1 -5.72) (layer F.CrtYd) (width 0.05))
    (fp_line (start 4.1 5.03) (end -5.11 5.03) (layer F.CrtYd) (width 0.05))
    (fp_text user KEEPOUT (at 0.03 0 90) (layer Cmts.User)
      (effects (font (size 0.4 0.4) (thickness 0.051)))
    )
    (pad TN thru_hole oval (at -3.8 1.38 180) (size 3.25 2) (drill oval 2.65 0.9) (layers *.Cu *.Mask)
      (net 4 "Net-(J2-PadTN)"))
    (pad T thru_hole oval (at 0.89 -4.4 90) (size 3.25 2) (drill oval 2.65 0.9) (layers *.Cu *.Mask)
      (net 5 /Interface/in2))
    (pad S thru_hole oval (at 0.93 3.7 90) (size 3.25 2) (drill oval 2.65 0.9) (layers *.Cu *.Mask)
      (net 1 GND))
  )

  (module Attenuverter:MJ-355_3.5mm_mono_jack (layer F.Cu) (tedit 6316CD6A) (tstamp 62F72DD7)
    (at 41.91 53.34 270)
    (path /62D9D6AD/62DA4026)
    (fp_text reference J6 (at 0 5.715 90) (layer F.SilkS)
      (effects (font (size 1 1) (thickness 0.15)))
    )
    (fp_text value out1 (at 0 -6.985 90) (layer F.Fab)
      (effects (font (size 1 1) (thickness 0.15)))
    )
    (fp_line (start -1.38 -0.46) (end -0.43 -1.41) (layer Dwgs.User) (width 0.12))
    (fp_circle (center 0.03 0) (end 1.53 0) (layer Dwgs.User) (width 0.12))
    (fp_line (start 3.99 -5.6) (end 3.99 4.9) (layer F.SilkS) (width 0.12))
    (fp_circle (center 0.03 0) (end 1.83 0) (layer F.Fab) (width 0.1))
    (fp_line (start 4 4.93) (end 0 4.93) (layer F.SilkS) (width 0.12))
    (fp_line (start 4.1 -5.72) (end -5.1 -5.72) (layer F.CrtYd) (width 0.05))
    (fp_line (start 0.12 1.48) (end 1.51 0.09) (layer Dwgs.User) (width 0.12))
    (fp_line (start 3.99 4.83) (end 3.99 -5.57) (layer F.Fab) (width 0.1))
    (fp_line (start -0.55 1.35) (end 1.39 -0.59) (layer Dwgs.User) (width 0.12))
    (fp_circle (center 0.03 0) (end 1.83 0) (layer F.SilkS) (width 0.12))
    (fp_line (start -1.39 0.395) (end 0.43 -1.42) (layer Dwgs.User) (width 0.12))
    (fp_line (start -1 4.93) (end -5 4.93) (layer F.SilkS) (width 0.12))
    (fp_line (start -5.01 4.83) (end -5.01 -5.57) (layer F.Fab) (width 0.1))
    (fp_line (start 3.99 -5.57) (end -5.01 -5.57) (layer F.Fab) (width 0.1))
    (fp_line (start -5.01 -5.62) (end -5.01 4.88) (layer F.SilkS) (width 0.12))
    (fp_line (start -1.04 1.01) (end 1.04 -1.07) (layer Dwgs.User) (width 0.12))
    (fp_line (start -0.86 -5.62) (end -5.01 -5.62) (layer F.SilkS) (width 0.12))
    (fp_line (start 4 4.91) (end -5 4.91) (layer F.Fab) (width 0.1))
    (fp_line (start 3.99 -5.6) (end -0.16 -5.6) (layer F.SilkS) (width 0.12))
    (fp_line (start -5.11 5.03) (end -5.1 -5.72) (layer F.CrtYd) (width 0.05))
    (fp_line (start 4.1 5.03) (end 4.1 -5.72) (layer F.CrtYd) (width 0.05))
    (fp_line (start 4.1 5.03) (end -5.11 5.03) (layer F.CrtYd) (width 0.05))
    (fp_text user KEEPOUT (at 0.03 0 90) (layer Cmts.User)
      (effects (font (size 0.4 0.4) (thickness 0.051)))
    )
    (pad TN thru_hole oval (at -3.8 1.38 180) (size 3.25 2) (drill oval 2.65 0.9) (layers *.Cu *.Mask)
      (net 13 "Net-(J6-PadTN)"))
    (pad T thru_hole oval (at 0.89 -4.4 90) (size 3.25 2) (drill oval 2.65 0.9) (layers *.Cu *.Mask)
      (net 12 "Net-(J6-PadT)"))
    (pad S thru_hole oval (at 0.93 3.7 90) (size 3.25 2) (drill oval 2.65 0.9) (layers *.Cu *.Mask)
      (net 1 GND))
  )

  (module Attenuverter:MJ-355_3.5mm_mono_jack (layer F.Cu) (tedit 6316CD6A) (tstamp 62F72AE3)
    (at 41.91 40.64 270)
    (path /62D9D6AD/62DA0B48)
    (fp_text reference J1 (at 0 5.715 90) (layer F.SilkS)
      (effects (font (size 1 1) (thickness 0.15)))
    )
    (fp_text value in1 (at 0 -6.985 90) (layer F.Fab)
      (effects (font (size 1 1) (thickness 0.15)))
    )
    (fp_line (start -1.38 -0.46) (end -0.43 -1.41) (layer Dwgs.User) (width 0.12))
    (fp_circle (center 0.03 0) (end 1.53 0) (layer Dwgs.User) (width 0.12))
    (fp_line (start 3.99 -5.6) (end 3.99 4.9) (layer F.SilkS) (width 0.12))
    (fp_circle (center 0.03 0) (end 1.83 0) (layer F.Fab) (width 0.1))
    (fp_line (start 4 4.93) (end 0 4.93) (layer F.SilkS) (width 0.12))
    (fp_line (start 4.1 -5.72) (end -5.1 -5.72) (layer F.CrtYd) (width 0.05))
    (fp_line (start 0.12 1.48) (end 1.51 0.09) (layer Dwgs.User) (width 0.12))
    (fp_line (start 3.99 4.83) (end 3.99 -5.57) (layer F.Fab) (width 0.1))
    (fp_line (start -0.55 1.35) (end 1.39 -0.59) (layer Dwgs.User) (width 0.12))
    (fp_circle (center 0.03 0) (end 1.83 0) (layer F.SilkS) (width 0.12))
    (fp_line (start -1.39 0.395) (end 0.43 -1.42) (layer Dwgs.User) (width 0.12))
    (fp_line (start -1 4.93) (end -5 4.93) (layer F.SilkS) (width 0.12))
    (fp_line (start -5.01 4.83) (end -5.01 -5.57) (layer F.Fab) (width 0.1))
    (fp_line (start 3.99 -5.57) (end -5.01 -5.57) (layer F.Fab) (width 0.1))
    (fp_line (start -5.01 -5.62) (end -5.01 4.88) (layer F.SilkS) (width 0.12))
    (fp_line (start -1.04 1.01) (end 1.04 -1.07) (layer Dwgs.User) (width 0.12))
    (fp_line (start -0.86 -5.62) (end -5.01 -5.62) (layer F.SilkS) (width 0.12))
    (fp_line (start 4 4.91) (end -5 4.91) (layer F.Fab) (width 0.1))
    (fp_line (start 3.99 -5.6) (end -0.16 -5.6) (layer F.SilkS) (width 0.12))
    (fp_line (start -5.11 5.03) (end -5.1 -5.72) (layer F.CrtYd) (width 0.05))
    (fp_line (start 4.1 5.03) (end 4.1 -5.72) (layer F.CrtYd) (width 0.05))
    (fp_line (start 4.1 5.03) (end -5.11 5.03) (layer F.CrtYd) (width 0.05))
    (fp_text user KEEPOUT (at 0.03 0 90) (layer Cmts.User)
      (effects (font (size 0.4 0.4) (thickness 0.051)))
    )
    (pad TN thru_hole oval (at -3.8 1.38 180) (size 3.25 2) (drill oval 2.65 0.9) (layers *.Cu *.Mask)
      (net 3 "Net-(J1-PadTN)"))
    (pad T thru_hole oval (at 0.89 -4.4 90) (size 3.25 2) (drill oval 2.65 0.9) (layers *.Cu *.Mask)
      (net 2 /Interface/in1))
    (pad S thru_hole oval (at 0.93 3.7 90) (size 3.25 2) (drill oval 2.65 0.9) (layers *.Cu *.Mask)
      (net 1 GND))
  )

  (module Attenuverter:MJ-355_3.5mm_mono_jack (layer F.Cu) (tedit 6316CD6A) (tstamp 62F72D29)
    (at 41.91 20.32 90)
    (path /62D9D6AD/62DA6DC8)
    (fp_text reference J3 (at 0 5.715 90) (layer F.SilkS)
      (effects (font (size 1 1) (thickness 0.15)))
    )
    (fp_text value cv1 (at 0 -6.985 90) (layer F.Fab)
      (effects (font (size 1 1) (thickness 0.15)))
    )
    (fp_line (start -1.38 -0.46) (end -0.43 -1.41) (layer Dwgs.User) (width 0.12))
    (fp_circle (center 0.03 0) (end 1.53 0) (layer Dwgs.User) (width 0.12))
    (fp_line (start 3.99 -5.6) (end 3.99 4.9) (layer F.SilkS) (width 0.12))
    (fp_circle (center 0.03 0) (end 1.83 0) (layer F.Fab) (width 0.1))
    (fp_line (start 4 4.93) (end 0 4.93) (layer F.SilkS) (width 0.12))
    (fp_line (start 4.1 -5.72) (end -5.1 -5.72) (layer F.CrtYd) (width 0.05))
    (fp_line (start 0.12 1.48) (end 1.51 0.09) (layer Dwgs.User) (width 0.12))
    (fp_line (start 3.99 4.83) (end 3.99 -5.57) (layer F.Fab) (width 0.1))
    (fp_line (start -0.55 1.35) (end 1.39 -0.59) (layer Dwgs.User) (width 0.12))
    (fp_circle (center 0.03 0) (end 1.83 0) (layer F.SilkS) (width 0.12))
    (fp_line (start -1.39 0.395) (end 0.43 -1.42) (layer Dwgs.User) (width 0.12))
    (fp_line (start -1 4.93) (end -5 4.93) (layer F.SilkS) (width 0.12))
    (fp_line (start -5.01 4.83) (end -5.01 -5.57) (layer F.Fab) (width 0.1))
    (fp_line (start 3.99 -5.57) (end -5.01 -5.57) (layer F.Fab) (width 0.1))
    (fp_line (start -5.01 -5.62) (end -5.01 4.88) (layer F.SilkS) (width 0.12))
    (fp_line (start -1.04 1.01) (end 1.04 -1.07) (layer Dwgs.User) (width 0.12))
    (fp_line (start -0.86 -5.62) (end -5.01 -5.62) (layer F.SilkS) (width 0.12))
    (fp_line (start 4 4.91) (end -5 4.91) (layer F.Fab) (width 0.1))
    (fp_line (start 3.99 -5.6) (end -0.16 -5.6) (layer F.SilkS) (width 0.12))
    (fp_line (start -5.11 5.03) (end -5.1 -5.72) (layer F.CrtYd) (width 0.05))
    (fp_line (start 4.1 5.03) (end 4.1 -5.72) (layer F.CrtYd) (width 0.05))
    (fp_line (start 4.1 5.03) (end -5.11 5.03) (layer F.CrtYd) (width 0.05))
    (fp_text user KEEPOUT (at 0.03 0 90) (layer Cmts.User)
      (effects (font (size 0.4 0.4) (thickness 0.051)))
    )
    (pad TN thru_hole oval (at -3.8 1.38) (size 3.25 2) (drill oval 2.65 0.9) (layers *.Cu *.Mask)
      (net 6 "Net-(J3-PadTN)"))
    (pad T thru_hole oval (at 0.89 -4.4 270) (size 3.25 2) (drill oval 2.65 0.9) (layers *.Cu *.Mask)
      (net 7 /Interface/cv1))
    (pad S thru_hole oval (at 0.93 3.7 270) (size 3.25 2) (drill oval 2.65 0.9) (layers *.Cu *.Mask)
      (net 1 GND))
  )

  (module Connector_PinHeader_2.54mm:PinHeader_1x04_P2.54mm_Vertical (layer F.Cu) (tedit 59FED5CC) (tstamp 62F72BEB)
    (at 48.26 25.4)
    (descr "Through hole straight pin header, 1x04, 2.54mm pitch, single row")
    (tags "Through hole pin header THT 1x04 2.54mm single row")
    (path /62D9D6AD/62DECCDA)
    (fp_text reference J8 (at 0 -2.33) (layer F.SilkS)
      (effects (font (size 1 1) (thickness 0.15)))
    )
    (fp_text value conn1 (at 0 9.95) (layer F.Fab)
      (effects (font (size 1 1) (thickness 0.15)))
    )
    (fp_line (start -0.635 -1.27) (end 1.27 -1.27) (layer F.Fab) (width 0.1))
    (fp_line (start 1.27 -1.27) (end 1.27 8.89) (layer F.Fab) (width 0.1))
    (fp_line (start 1.27 8.89) (end -1.27 8.89) (layer F.Fab) (width 0.1))
    (fp_line (start -1.27 8.89) (end -1.27 -0.635) (layer F.Fab) (width 0.1))
    (fp_line (start -1.27 -0.635) (end -0.635 -1.27) (layer F.Fab) (width 0.1))
    (fp_line (start -1.33 8.95) (end 1.33 8.95) (layer F.SilkS) (width 0.12))
    (fp_line (start -1.33 1.27) (end -1.33 8.95) (layer F.SilkS) (width 0.12))
    (fp_line (start 1.33 1.27) (end 1.33 8.95) (layer F.SilkS) (width 0.12))
    (fp_line (start -1.33 1.27) (end 1.33 1.27) (layer F.SilkS) (width 0.12))
    (fp_line (start -1.33 0) (end -1.33 -1.33) (layer F.SilkS) (width 0.12))
    (fp_line (start -1.33 -1.33) (end 0 -1.33) (layer F.SilkS) (width 0.12))
    (fp_line (start -1.8 -1.8) (end -1.8 9.4) (layer F.CrtYd) (width 0.05))
    (fp_line (start -1.8 9.4) (end 1.8 9.4) (layer F.CrtYd) (width 0.05))
    (fp_line (start 1.8 9.4) (end 1.8 -1.8) (layer F.CrtYd) (width 0.05))
    (fp_line (start 1.8 -1.8) (end -1.8 -1.8) (layer F.CrtYd) (width 0.05))
    (fp_text user %R (at 0 3.81 90) (layer F.Fab)
      (effects (font (size 1 1) (thickness 0.15)))
    )
    (pad 1 thru_hole rect (at 0 0) (size 1.7 1.7) (drill 1) (layers *.Cu *.Mask)
      (net 7 /Interface/cv1))
    (pad 2 thru_hole oval (at 0 2.54) (size 1.7 1.7) (drill 1) (layers *.Cu *.Mask)
      (net 1 GND))
    (pad 3 thru_hole oval (at 0 5.08) (size 1.7 1.7) (drill 1) (layers *.Cu *.Mask)
      (net 2 /Interface/in1))
    (pad 4 thru_hole oval (at 0 7.62) (size 1.7 1.7) (drill 1) (layers *.Cu *.Mask)
      (net 15 /Interface/out1))
    (model ${KISYS3DMOD}/Connector_PinHeader_2.54mm.3dshapes/PinHeader_1x04_P2.54mm_Vertical.wrl
      (at (xyz 0 0 0))
      (scale (xyz 1 1 1))
      (rotate (xyz 0 0 0))
    )
  )

  (module Attenuverter:annotation_3.5mm_jack_in (layer F.Cu) (tedit 6226F220) (tstamp 62CDAFA4)
    (at 10.16 71.12)
    (fp_text reference CV2 (at 0 6.35) (layer F.SilkS)
      (effects (font (size 2 2) (thickness 0.15)))
    )
    (fp_text value annotation_3.5mm_jack_in (at 0 6.35) (layer F.Fab) hide
      (effects (font (size 1 1) (thickness 0.15)))
    )
    (fp_circle (center 0 0) (end 4 0) (layer Dwgs.User) (width 0.12))
    (fp_text user %R (at 0.3 0) (layer F.Fab) hide
      (effects (font (size 1 1) (thickness 0.15)))
    )
    (pad 1 np_thru_hole circle (at 0 0) (size 6 6) (drill 6) (layers *.Cu *.Mask))
  )

  (module Attenuverter:annotation_3.5mm_jack_in (layer F.Cu) (tedit 6226F220) (tstamp 62CDAED6)
    (at 10.16 91.44)
    (fp_text reference 2 (at 0 5.715) (layer F.SilkS)
      (effects (font (size 2 2) (thickness 0.15)))
    )
    (fp_text value annotation_3.5mm_jack_in (at 0 6.35) (layer F.Fab) hide
      (effects (font (size 1 1) (thickness 0.15)))
    )
    (fp_circle (center 0 0) (end 4 0) (layer Dwgs.User) (width 0.12))
    (fp_text user %R (at 0.3 0) (layer F.Fab) hide
      (effects (font (size 1 1) (thickness 0.15)))
    )
    (pad 1 np_thru_hole circle (at 0 0) (size 6 6) (drill 6) (layers *.Cu *.Mask))
  )

  (module Attenuverter:annotation_3.5mm_jack_out_bottom (layer F.Cu) (tedit 62AC84E3) (tstamp 62CDAE61)
    (at 10.16 104.14)
    (fp_text reference 2 (at 0 5.715) (layer F.SilkS)
      (effects (font (size 2 2) (thickness 0.15)))
    )
    (fp_text value annotation_3.5mm_jack_out_bottom (at 0 -6.35) (layer F.Fab) hide
      (effects (font (size 1 1) (thickness 0.15)))
    )
    (fp_circle (center 0 0) (end 4 0) (layer Dwgs.User) (width 0.12))
    (fp_line (start -3.175 7.62) (end 3.175 7.62) (layer F.SilkS) (width 0.12))
    (fp_line (start 3.175 -5.08) (end -3.175 -5.08) (layer F.SilkS) (width 0.12))
    (fp_line (start 5.08 -3.175) (end 5.08 5.715) (layer F.SilkS) (width 0.12))
    (fp_line (start -5.08 -3.175) (end -5.08 5.715) (layer F.SilkS) (width 0.12))
    (fp_arc (start 3.175 5.715) (end 3.175 7.62) (angle -90) (layer F.SilkS) (width 0.12))
    (fp_arc (start 3.175 -3.175) (end 5.08 -3.175) (angle -90) (layer F.SilkS) (width 0.12))
    (fp_arc (start -3.175 -3.175) (end -3.175 -5.08) (angle -90) (layer F.SilkS) (width 0.12))
    (fp_arc (start -3.175 5.715) (end -5.08 5.715) (angle -90) (layer F.SilkS) (width 0.12))
    (fp_text user %R (at 0.3 0) (layer F.Fab) hide
      (effects (font (size 1 1) (thickness 0.15)))
    )
    (pad 1 np_thru_hole circle (at 0 0) (size 6 6) (drill 6) (layers *.Cu *.Mask))
  )

  (module Attenuverter:annotation_3.5mm_jack_out_bottom (layer F.Cu) (tedit 62AC84E3) (tstamp 62CDADF0)
    (at 10.16 53.34)
    (fp_text reference 1 (at 0 5.715) (layer F.SilkS)
      (effects (font (size 2 2) (thickness 0.15)))
    )
    (fp_text value annotation_3.5mm_jack_out_bottom (at 0 -6.35) (layer F.Fab) hide
      (effects (font (size 1 1) (thickness 0.15)))
    )
    (fp_circle (center 0 0) (end 4 0) (layer Dwgs.User) (width 0.12))
    (fp_line (start -3.175 7.62) (end 3.175 7.62) (layer F.SilkS) (width 0.12))
    (fp_line (start 3.175 -5.08) (end -3.175 -5.08) (layer F.SilkS) (width 0.12))
    (fp_line (start 5.08 -3.175) (end 5.08 5.715) (layer F.SilkS) (width 0.12))
    (fp_line (start -5.08 -3.175) (end -5.08 5.715) (layer F.SilkS) (width 0.12))
    (fp_arc (start 3.175 5.715) (end 3.175 7.62) (angle -90) (layer F.SilkS) (width 0.12))
    (fp_arc (start 3.175 -3.175) (end 5.08 -3.175) (angle -90) (layer F.SilkS) (width 0.12))
    (fp_arc (start -3.175 -3.175) (end -3.175 -5.08) (angle -90) (layer F.SilkS) (width 0.12))
    (fp_arc (start -3.175 5.715) (end -5.08 5.715) (angle -90) (layer F.SilkS) (width 0.12))
    (fp_text user %R (at 0.3 0) (layer F.Fab) hide
      (effects (font (size 1 1) (thickness 0.15)))
    )
    (pad 1 np_thru_hole circle (at 0 0) (size 6 6) (drill 6) (layers *.Cu *.Mask))
  )

  (module Attenuverter:annotation_3.5mm_jack_in (layer F.Cu) (tedit 6226F220) (tstamp 62CDAD9B)
    (at 10.16 40.64)
    (fp_text reference 1 (at 0 5.715) (layer F.SilkS)
      (effects (font (size 2 2) (thickness 0.15)))
    )
    (fp_text value annotation_3.5mm_jack_in (at 0 6.35) (layer F.Fab) hide
      (effects (font (size 1 1) (thickness 0.15)))
    )
    (fp_circle (center 0 0) (end 4 0) (layer Dwgs.User) (width 0.12))
    (fp_text user %R (at 0.3 0) (layer F.Fab) hide
      (effects (font (size 1 1) (thickness 0.15)))
    )
    (pad 1 np_thru_hole circle (at 0 0) (size 6 6) (drill 6) (layers *.Cu *.Mask))
  )

  (module Attenuverter:annotation_3.5mm_jack_in (layer F.Cu) (tedit 6226F220) (tstamp 62CDAFDF)
    (at 10.16 20.32)
    (fp_text reference CV1 (at 0 6.35) (layer F.SilkS)
      (effects (font (size 2 2) (thickness 0.15)))
    )
    (fp_text value annotation_3.5mm_jack_in (at 0 6.35) (layer F.Fab) hide
      (effects (font (size 1 1) (thickness 0.15)))
    )
    (fp_circle (center 0 0) (end 4 0) (layer Dwgs.User) (width 0.12))
    (fp_text user %R (at 0.3 0) (layer F.Fab) hide
      (effects (font (size 1 1) (thickness 0.15)))
    )
    (pad 1 np_thru_hole circle (at 0 0) (size 6 6) (drill 6) (layers *.Cu *.Mask))
  )

  (module MountingHole:MountingHole_3.2mm_M3 (layer F.Cu) (tedit 56D1B4CB) (tstamp 62F72B72)
    (at 46.99 111.76)
    (descr "Mounting Hole 3.2mm, no annular, M3")
    (tags "mounting hole 3.2mm no annular m3")
    (attr virtual)
    (fp_text reference REF** (at 0 -4.2) (layer F.SilkS) hide
      (effects (font (size 1 1) (thickness 0.15)))
    )
    (fp_text value MountingHole_3.2mm_M3 (at 0 4.2) (layer F.Fab) hide
      (effects (font (size 1 1) (thickness 0.15)))
    )
    (fp_circle (center 0 0) (end 3.45 0) (layer F.CrtYd) (width 0.05))
    (fp_circle (center 0 0) (end 3.2 0) (layer Cmts.User) (width 0.15))
    (fp_text user %R (at 0.3 0) (layer F.Fab) hide
      (effects (font (size 1 1) (thickness 0.15)))
    )
    (pad 1 np_thru_hole circle (at 0 0) (size 3.2 3.2) (drill 3.2) (layers *.Cu *.Mask))
  )

  (module MountingHole:MountingHole_3.2mm_M3 (layer F.Cu) (tedit 56D1B4CB) (tstamp 62F72B5D)
    (at 36.83 29.21)
    (descr "Mounting Hole 3.2mm, no annular, M3")
    (tags "mounting hole 3.2mm no annular m3")
    (attr virtual)
    (fp_text reference REF** (at 0 -4.2) (layer F.SilkS) hide
      (effects (font (size 1 1) (thickness 0.15)))
    )
    (fp_text value MountingHole_3.2mm_M3 (at 0 4.2) (layer F.Fab) hide
      (effects (font (size 1 1) (thickness 0.15)))
    )
    (fp_circle (center 0 0) (end 3.2 0) (layer Cmts.User) (width 0.15))
    (fp_circle (center 0 0) (end 3.45 0) (layer F.CrtYd) (width 0.05))
    (fp_text user %R (at 0.3 0) (layer F.Fab) hide
      (effects (font (size 1 1) (thickness 0.15)))
    )
    (pad 1 np_thru_hole circle (at 0 0) (size 3.2 3.2) (drill 3.2) (layers *.Cu *.Mask))
  )

  (module Connector_PinHeader_2.54mm:PinHeader_1x04_P2.54mm_Vertical (layer F.Cu) (tedit 59FED5CC) (tstamp 62F72C30)
    (at 35.56 77.47)
    (descr "Through hole straight pin header, 1x04, 2.54mm pitch, single row")
    (tags "Through hole pin header THT 1x04 2.54mm single row")
    (path /62D9D6AD/62DECCE0)
    (fp_text reference J7 (at 0 -2.33) (layer F.SilkS)
      (effects (font (size 1 1) (thickness 0.15)))
    )
    (fp_text value conn2 (at 0 9.95) (layer F.Fab)
      (effects (font (size 1 1) (thickness 0.15)))
    )
    (fp_line (start 1.8 -1.8) (end -1.8 -1.8) (layer F.CrtYd) (width 0.05))
    (fp_line (start 1.8 9.4) (end 1.8 -1.8) (layer F.CrtYd) (width 0.05))
    (fp_line (start -1.8 9.4) (end 1.8 9.4) (layer F.CrtYd) (width 0.05))
    (fp_line (start -1.8 -1.8) (end -1.8 9.4) (layer F.CrtYd) (width 0.05))
    (fp_line (start -1.33 -1.33) (end 0 -1.33) (layer F.SilkS) (width 0.12))
    (fp_line (start -1.33 0) (end -1.33 -1.33) (layer F.SilkS) (width 0.12))
    (fp_line (start -1.33 1.27) (end 1.33 1.27) (layer F.SilkS) (width 0.12))
    (fp_line (start 1.33 1.27) (end 1.33 8.95) (layer F.SilkS) (width 0.12))
    (fp_line (start -1.33 1.27) (end -1.33 8.95) (layer F.SilkS) (width 0.12))
    (fp_line (start -1.33 8.95) (end 1.33 8.95) (layer F.SilkS) (width 0.12))
    (fp_line (start -1.27 -0.635) (end -0.635 -1.27) (layer F.Fab) (width 0.1))
    (fp_line (start -1.27 8.89) (end -1.27 -0.635) (layer F.Fab) (width 0.1))
    (fp_line (start 1.27 8.89) (end -1.27 8.89) (layer F.Fab) (width 0.1))
    (fp_line (start 1.27 -1.27) (end 1.27 8.89) (layer F.Fab) (width 0.1))
    (fp_line (start -0.635 -1.27) (end 1.27 -1.27) (layer F.Fab) (width 0.1))
    (fp_text user %R (at 0 3.81 90) (layer F.Fab)
      (effects (font (size 1 1) (thickness 0.15)))
    )
    (pad 4 thru_hole oval (at 0 7.62) (size 1.7 1.7) (drill 1) (layers *.Cu *.Mask)
      (net 14 /Interface/out2))
    (pad 3 thru_hole oval (at 0 5.08) (size 1.7 1.7) (drill 1) (layers *.Cu *.Mask)
      (net 5 /Interface/in2))
    (pad 2 thru_hole oval (at 0 2.54) (size 1.7 1.7) (drill 1) (layers *.Cu *.Mask)
      (net 1 GND))
    (pad 1 thru_hole rect (at 0 0) (size 1.7 1.7) (drill 1) (layers *.Cu *.Mask)
      (net 8 /Interface/cv2))
    (model ${KISYS3DMOD}/Connector_PinHeader_2.54mm.3dshapes/PinHeader_1x04_P2.54mm_Vertical.wrl
      (at (xyz 0 0 0))
      (scale (xyz 1 1 1))
      (rotate (xyz 0 0 0))
    )
  )

  (module Resistor_THT:R_Axial_DIN0207_L6.3mm_D2.5mm_P2.54mm_Vertical (layer F.Cu) (tedit 5AE5139B) (tstamp 62F72B8E)
    (at 46.99 97.79 180)
    (descr "Resistor, Axial_DIN0207 series, Axial, Vertical, pin pitch=2.54mm, 0.25W = 1/4W, length*diameter=6.3*2.5mm^2, http://cdn-reichelt.de/documents/datenblatt/B400/1_4W%23YAG.pdf")
    (tags "Resistor Axial_DIN0207 series Axial Vertical pin pitch 2.54mm 0.25W = 1/4W length 6.3mm diameter 2.5mm")
    (path /62D9D6AD/62DA403A)
    (fp_text reference R1 (at 5.08 0) (layer F.SilkS)
      (effects (font (size 1 1) (thickness 0.15)))
    )
    (fp_text value 1k (at 1.27 2.37) (layer F.Fab)
      (effects (font (size 1 1) (thickness 0.15)))
    )
    (fp_line (start 3.59 -1.5) (end -1.5 -1.5) (layer F.CrtYd) (width 0.05))
    (fp_line (start 3.59 1.5) (end 3.59 -1.5) (layer F.CrtYd) (width 0.05))
    (fp_line (start -1.5 1.5) (end 3.59 1.5) (layer F.CrtYd) (width 0.05))
    (fp_line (start -1.5 -1.5) (end -1.5 1.5) (layer F.CrtYd) (width 0.05))
    (fp_line (start 1.37 0) (end 1.44 0) (layer F.SilkS) (width 0.12))
    (fp_line (start 0 0) (end 2.54 0) (layer F.Fab) (width 0.1))
    (fp_circle (center 0 0) (end 1.37 0) (layer F.SilkS) (width 0.12))
    (fp_circle (center 0 0) (end 1.25 0) (layer F.Fab) (width 0.1))
    (fp_text user %R (at 1.27 -2.37) (layer F.Fab)
      (effects (font (size 1 1) (thickness 0.15)))
    )
    (pad 2 thru_hole oval (at 2.54 0 180) (size 1.6 1.6) (drill 0.8) (layers *.Cu *.Mask)
      (net 14 /Interface/out2))
    (pad 1 thru_hole circle (at 0 0 180) (size 1.6 1.6) (drill 0.8) (layers *.Cu *.Mask)
      (net 11 "Net-(J5-PadT)"))
    (model ${KISYS3DMOD}/Resistor_THT.3dshapes/R_Axial_DIN0207_L6.3mm_D2.5mm_P2.54mm_Vertical.wrl
      (at (xyz 0 0 0))
      (scale (xyz 1 1 1))
      (rotate (xyz 0 0 0))
    )
  )

  (module Resistor_THT:R_Axial_DIN0207_L6.3mm_D2.5mm_P2.54mm_Vertical (layer F.Cu) (tedit 5AE5139B) (tstamp 62F72BB8)
    (at 36.83 59.69)
    (descr "Resistor, Axial_DIN0207 series, Axial, Vertical, pin pitch=2.54mm, 0.25W = 1/4W, length*diameter=6.3*2.5mm^2, http://cdn-reichelt.de/documents/datenblatt/B400/1_4W%23YAG.pdf")
    (tags "Resistor Axial_DIN0207 series Axial Vertical pin pitch 2.54mm 0.25W = 1/4W length 6.3mm diameter 2.5mm")
    (path /62D9D6AD/62DA402C)
    (fp_text reference R2 (at 5.08 0) (layer F.SilkS)
      (effects (font (size 1 1) (thickness 0.15)))
    )
    (fp_text value 1k (at 1.27 2.37) (layer F.Fab)
      (effects (font (size 1 1) (thickness 0.15)))
    )
    (fp_circle (center 0 0) (end 1.25 0) (layer F.Fab) (width 0.1))
    (fp_circle (center 0 0) (end 1.37 0) (layer F.SilkS) (width 0.12))
    (fp_line (start 0 0) (end 2.54 0) (layer F.Fab) (width 0.1))
    (fp_line (start 1.37 0) (end 1.44 0) (layer F.SilkS) (width 0.12))
    (fp_line (start -1.5 -1.5) (end -1.5 1.5) (layer F.CrtYd) (width 0.05))
    (fp_line (start -1.5 1.5) (end 3.59 1.5) (layer F.CrtYd) (width 0.05))
    (fp_line (start 3.59 1.5) (end 3.59 -1.5) (layer F.CrtYd) (width 0.05))
    (fp_line (start 3.59 -1.5) (end -1.5 -1.5) (layer F.CrtYd) (width 0.05))
    (fp_text user %R (at 1.27 -2.37) (layer F.Fab)
      (effects (font (size 1 1) (thickness 0.15)))
    )
    (pad 1 thru_hole circle (at 0 0) (size 1.6 1.6) (drill 0.8) (layers *.Cu *.Mask)
      (net 12 "Net-(J6-PadT)"))
    (pad 2 thru_hole oval (at 2.54 0) (size 1.6 1.6) (drill 0.8) (layers *.Cu *.Mask)
      (net 15 /Interface/out1))
    (model ${KISYS3DMOD}/Resistor_THT.3dshapes/R_Axial_DIN0207_L6.3mm_D2.5mm_P2.54mm_Vertical.wrl
      (at (xyz 0 0 0))
      (scale (xyz 1 1 1))
      (rotate (xyz 0 0 0))
    )
  )

  (gr_text "VLPG ver.1\n" (at 39.37 113.03) (layer F.SilkS) (tstamp 62F72B33)
    (effects (font (size 1 1) (thickness 0.15)))
  )
  (gr_text VLPG (at 15.24 3.81) (layer F.SilkS)
    (effects (font (size 2 2) (thickness 0.15)))
  )
  (gr_line (start 1.27 64.77) (end 19.05 64.77) (layer F.SilkS) (width 0.15))
  (gr_line (start 50.8 16.51) (end 33.02 16.51) (layer Edge.Cuts) (width 0.1) (tstamp 62F72B30))
  (gr_line (start 50.8 115.57) (end 50.8 16.51) (layer Edge.Cuts) (width 0.1) (tstamp 62F72B2A))
  (gr_line (start 33.02 115.57) (end 50.8 115.57) (layer Edge.Cuts) (width 0.1) (tstamp 62F72B27))
  (gr_line (start 33.02 16.51) (end 33.02 115.57) (layer Edge.Cuts) (width 0.1) (tstamp 62F72B24))
  (gr_line (start 0 120) (end 20.32 120) (layer Eco1.User) (width 0.15) (tstamp 62CCAF09))
  (gr_line (start 0 8.5) (end 20.32 8.5) (layer Eco1.User) (width 0.15))
  (gr_line (start 20.32 0) (end 20.32 128.5) (layer Eco1.User) (width 0.15) (tstamp 62CCAEFF))
  (gr_line (start 0 128.5) (end 20.32 128.5) (layer Eco1.User) (width 0.15) (tstamp 62CCAEFC))
  (gr_line (start 0 0) (end 20.32 0) (layer Eco1.User) (width 0.15) (tstamp 62CCAEF8))
  (gr_line (start 0 0) (end 0 128.5) (layer Eco1.User) (width 0.15))

  (segment (start 49.53 38.31) (end 46.31 41.53) (width 0.25) (layer B.Cu) (net 2))
  (segment (start 49.53 31.75) (end 49.53 38.31) (width 0.25) (layer B.Cu) (net 2))
  (segment (start 48.26 30.48) (end 49.53 31.75) (width 0.25) (layer B.Cu) (net 2))
  (segment (start 37.97 82.55) (end 46.83 91.41) (width 0.25) (layer B.Cu) (net 5) (tstamp 62F72B2D))
  (segment (start 35.56 82.55) (end 37.97 82.55) (width 0.25) (layer B.Cu) (net 5) (tstamp 62F72B3C))
  (segment (start 36.99 20.35) (end 36.99 23.02) (width 0.25) (layer B.Cu) (net 7) (tstamp 62F72B39))
  (segment (start 36.99 23.02) (end 39.37 25.4) (width 0.25) (layer B.Cu) (net 7))
  (segment (start 48.21499 25.44501) (end 48.26 25.4) (width 0.25) (layer B.Cu) (net 7))
  (segment (start 42.316163 25.44501) (end 48.21499 25.44501) (width 0.25) (layer B.Cu) (net 7))
  (segment (start 42.271153 25.4) (end 42.316163 25.44501) (width 0.25) (layer B.Cu) (net 7))
  (segment (start 39.37 25.4) (end 42.271153 25.4) (width 0.25) (layer B.Cu) (net 7))
  (segment (start 37.51 70.23) (end 36.45 70.23) (width 0.25) (layer B.Cu) (net 8) (tstamp 62F72E18))
  (segment (start 35.56 71.12) (end 35.56 77.47) (width 0.25) (layer B.Cu) (net 8) (tstamp 62F72E33))
  (segment (start 36.45 70.23) (end 35.56 71.12) (width 0.25) (layer B.Cu) (net 8) (tstamp 62F72E24))
  (segment (start 46.99 103.95) (end 46.83 104.11) (width 0.25) (layer B.Cu) (net 11) (tstamp 62F72B45))
  (segment (start 46.99 97.79) (end 46.99 103.95) (width 0.25) (layer B.Cu) (net 11) (tstamp 62F72B42))
  (segment (start 36.83 59.69) (end 38.1 58.42) (width 0.25) (layer B.Cu) (net 12) (tstamp 62F72E21))
  (segment (start 42.12 58.42) (end 46.31 54.23) (width 0.25) (layer B.Cu) (net 12) (tstamp 62F72B51))
  (segment (start 38.1 58.42) (end 42.12 58.42) (width 0.25) (layer B.Cu) (net 12) (tstamp 62F72B4E))
  (segment (start 35.56 85.09) (end 35.56 96.52) (width 0.25) (layer B.Cu) (net 14) (tstamp 62F72E15))
  (segment (start 36.83 97.79) (end 44.45 97.79) (width 0.25) (layer B.Cu) (net 14) (tstamp 62F72E1E))
  (segment (start 35.56 96.52) (end 36.83 97.79) (width 0.25) (layer B.Cu) (net 14) (tstamp 62F72B4B))
  (segment (start 44.98499 36.29501) (end 48.26 33.02) (width 0.25) (layer B.Cu) (net 15))
  (segment (start 39.37 59.69) (end 43.148847 59.69) (width 0.25) (layer B.Cu) (net 15))
  (segment (start 47.63501 55.403837) (end 43.348847 59.69) (width 0.25) (layer B.Cu) (net 15))
  (segment (start 43.348847 59.69) (end 43.148847 59.69) (width 0.25) (layer B.Cu) (net 15))
  (segment (start 47.63501 53.056163) (end 47.63501 55.403837) (width 0.25) (layer B.Cu) (net 15))
  (segment (start 44.98499 50.406143) (end 47.63501 53.056163) (width 0.25) (layer B.Cu) (net 15))
  (segment (start 44.98499 36.29501) (end 44.98499 50.406143) (width 0.25) (layer B.Cu) (net 15))

  (zone (net 1) (net_name GND) (layer B.Cu) (tstamp 62F72B48) (hatch edge 0.508)
    (connect_pads (clearance 0.508))
    (min_thickness 0.254)
    (fill yes (arc_segments 32) (thermal_gap 0.508) (thermal_bridge_width 0.508))
    (polygon
      (pts
        (xy 50.8 115.57) (xy 33.02 115.57) (xy 33.02 16.51) (xy 50.8 16.51)
      )
    )
    (filled_polygon
      (pts
        (xy 36.881286 17.287148) (xy 36.597249 17.438969) (xy 36.348287 17.643286) (xy 36.14397 17.892248) (xy 35.992148 18.176285)
        (xy 35.898657 18.484484) (xy 35.875 18.724678) (xy 35.875 20.135321) (xy 35.898657 20.375515) (xy 35.992148 20.683714)
        (xy 36.143969 20.967751) (xy 36.23 21.072581) (xy 36.230001 22.982668) (xy 36.226324 23.02) (xy 36.240998 23.168985)
        (xy 36.284454 23.312246) (xy 36.355026 23.444276) (xy 36.393606 23.491285) (xy 36.45 23.560001) (xy 36.478998 23.583799)
        (xy 38.8062 25.911002) (xy 38.829999 25.940001) (xy 38.945724 26.034974) (xy 39.077753 26.105546) (xy 39.221014 26.149003)
        (xy 39.332667 26.16) (xy 39.332676 26.16) (xy 39.369999 26.163676) (xy 39.407322 26.16) (xy 42.055049 26.16)
        (xy 42.167177 26.194013) (xy 42.27883 26.20501) (xy 42.278838 26.20501) (xy 42.316163 26.208686) (xy 42.353488 26.20501)
        (xy 46.771928 26.20501) (xy 46.771928 26.25) (xy 46.784188 26.374482) (xy 46.820498 26.49418) (xy 46.879463 26.604494)
        (xy 46.958815 26.701185) (xy 47.055506 26.780537) (xy 47.16582 26.839502) (xy 47.246466 26.863966) (xy 47.162412 26.939731)
        (xy 46.988359 27.17308) (xy 46.863175 27.435901) (xy 46.818524 27.58311) (xy 46.939845 27.813) (xy 48.133 27.813)
        (xy 48.133 27.793) (xy 48.387 27.793) (xy 48.387 27.813) (xy 49.580155 27.813) (xy 49.701476 27.58311)
        (xy 49.656825 27.435901) (xy 49.531641 27.17308) (xy 49.357588 26.939731) (xy 49.273534 26.863966) (xy 49.35418 26.839502)
        (xy 49.464494 26.780537) (xy 49.561185 26.701185) (xy 49.640537 26.604494) (xy 49.699502 26.49418) (xy 49.735812 26.374482)
        (xy 49.748072 26.25) (xy 49.748072 24.55) (xy 49.735812 24.425518) (xy 49.699502 24.30582) (xy 49.640537 24.195506)
